0
-2
-8
-16
-22
-20
-7
17
41
56
48
14
-40
-95
-123
-101
-25
86
191
238
188
38
-171
-357
-429
-326
-50
315
625
727
529
51
-555
-1048
-1186
-833
-40
939
1716
1912
1318
20
-1584
-2882
-3257
-2318
-91
2938
5943
8011
8460
7082
4246
784
-2277
-4068
-4174
-2763
-506
1687
3006
3034
1875
85
-1577
-2457
-2263
-1156
340
1575
2050
1618
522
-724
-1571
-1675
-1031
36
1031
1511
1284
480
-515
-1240
-1373
-867
29
895
1332
1143
425
-485
-1163
-1299
-831
20
860
1300
1137
448
-449
-1140
-1308
-876
-42
811
1292
1179
525
-370
-1095
-1318
-936
-125
744
1271
1214
600
-289
-1047
-1324
-993
-208
673
1245
1245
673
-208
-993
-1324
-1047
-289
600
1214
1271
744
-125
-936
-1318
-1095
-370
525
1179
1292
811
-42
-876
-1308
-1140
-449
448
1139
1307
875
41
-812
-1293
-1180
-526
369
1094
1317
935
124
-745
-1272
-1215
-601
288
1046
1323
992
207
-674
-1246
-1246
-674
207
992
1323
1046
288
-601
-1215
-1272
-745
124
935
1317
1094
369
-526
-1180
-1293
-812
41
875
1307
1139
448
-449
-1140
-1308
-876
-42
811
1292
1179
525
-370
-1095
-1318
-936
-125
744
1271
1214
600
-289
-1047
-1324
-993
-208
673
1245
1245
673
-208
-993
-1324
-1047
-289
600
1214
1271
744
-125
-936
-1318
-1095
-370
525
1179
1292
811
-42
-876
-1308
-1140
-449
448
1139
1307
875
41
-812
-1293
-1180
-526
369
1094
1317
935
124
-745
-1272
-1215
-601
288
1046
1323
992
207
-674
-1246
-1246
-674
207
992
1323
1046
288
-601
-1215
-1272
-745
124
935
1317
1094
369
-526
-1180
-1293
-812
41
875
1307
1139
448
-449
-1140
-1308
-876
-42
811
1292
1179
525
-370
-1095
-1318
-936
-125
744
1271
1214
600
-289
-1047
-1324
-993
-208
673
1245
1245
673
-208
-993
-1324
-1047
-289
600
1214
1271
744
-125
-936
-1318
-1095
-370
525
1179
1292
811
-42
-876
-1308
-1140
-449
448
1139
1307
875
41
-812
-1293
-1180
-526
369
1094
1317
935
124
-745
-1272
-1215
-601
288
1046
1323
992
207
-674
-1246
-1246
-674
207
992
1323
1046
288
-601
-1215
-1272
-745
124
935
1317
1094
369
-526
-1180
-1293
-812
41
875
1307
1139
448
-449
-1140
-1308
-876
-42
811
1292
1179
525
-370
-1095
-1318
-936
-125
744
1271
1214
600
-289
-1047
-1324
-993
-208
673
1245
1245
673
-208
-993
-1324
-1047
-289
600
1214
1271
744
-125
-936
-1318
-1095
-370
525
1179
1292
811
-42
-876
-1308
-1140
-449
448
1139
1307
875
41
-812
-1293
-1180
-526
369
1094
1317
935
124
-745
-1272
-1215
-601
288
1046
1323
992
207
-674
-1246
-1246
-674
207
992
1323
1046
288
-601
-1215
-1272
-745
124
935
1317
1094
369
-526
-1180
-1293
-812
41
875
1307
1139
448
-447
-1132
-1288
-843
-2
847
1307
1162
475
-439
-1152
-1328
-873
10
913
1411
1254
495
-529
-1346
-1560
-1038
12
1129
1794
1667
753
-582
-1758
-2224
-1712
-372
1265
2498
2745
1807
-23
-2042
-3408
-3469
-2050
439
3118
4928
5003
2987
-835
-5620
-10249
-13684
-15292
-15015
-13335
-11066
-9064
-7944
-7920
-8797
-10104
-11303
-11985
-11996
-11448
-10637
-9902
-9496
-9509
-9860
-10362
-10803
-11035
-11012
-10792
-10493
-10241
-10116
-10138
-10269
-10437
-10573
-10636
-10619
-10547
-10460
-10392
-10364
-10375
-10411
-10452
-10482
-10493
-10488
-10472
-10456
-10446
-10442
-10443
-10445
-10446
-10446
-10446
-10446
-10446
-10446
-10446
-10446
-10446
-10446
-10446
-10446
-10446
-10446
-10446
-10446
-10446
-10446
-10446
-10446
-10446
-10446
-10446
-10446
-10446
-10446
-10446
-10446
-10446
-10446
-10446
-10446
-10446
-10446
-10446
-10446
-10446
-10446
-10446
-10446
-10446
-10446
-10446
-10446
-10446
-10446
-10446
-10446
-10446
-10446
-10446
-10446
-10446
-10446
-10446
-10446
-10446
-10446
-10446
-10446
-10446
-10446
-10446
-10446
-10446
-10446
-10446
-10446
-10446
-10446
-10446
-10446
-10446
-10446
-10446
-10446
-10446
-10446
-10446
-10446
-10446
-10446
-10446
-10446
-10446
-10446
-10446
-10446
-10446
-10446
-10446
-10446
-10446
-10446
-10446
-10446
-10446
-10446
-10446
-10446
-10446
-10446
-10446
-10446
-10446
-10446
-10446
-10446
-10446
-10446
-10446
-10446
-10446
-10446
-10446
-10446
-10446
-10446
-10446
-10446
-10446
-10446
-10446
-10446
-10446
-10446
-10446
-10446
-10446
-10446
-10446
-10446
-10446
-10446
-10446
-10446
-10446
-10446
-10446
-10446
-10446
-10446
-10446
-10446
-10446
-10446
-10446
-10446
-10446
-10446
-10446
-10446
-10446
-10446
-10446
-10446
-10446
-10446
-10446
-10446
-10446
-10446
-10446
-10446
-10446
-10446
-10446
-10446
-10446
-10446
-10446
-10446
-10446
-10446
-10446
-10446
-10446
-10446
-10446
-10446
-10446
-10446
-10446
-10446
-10446
-10446
-10446
-10446
-10446
-10446
-10446
-10446
-10446
-10446
-10446
-10446
-10446
-10446
-10446
-10446
-10446
-10446
-10446
-10446
-10446
-10446
-10446
-10446
-10446
-10446
-10446
-10446
-10446
-10446
-10446
-10446
-10446
-10446
-10446
-10446
-10446
-10446
-10446
-10446
-10446
-10446
-10446
-10446
-10446
-10446
-10446
-10446
-10446
-10446
-10446
-10446
-10446
-10446
-10446
-10446
-10446
-10446
-10446
-10446
-10446
-10446
-10446
-10446
-10446
-10446
-10446
-10446
-10446
-10446
-10446
-10446
-10446
-10446
-10446
-10446
-10446
-10446
-10446
-10446
-10446
-10446
-10446
-10446
-10446
-10446
-10446
-10446
-10446
-10446
-10446
-10446
-10446
-10446
-10446
-10446
-10446
-10446
-10446
-10446
-10446
-10446
-10446
-10446
-10446
-10446
-10446
-10446
-10446
-10446
-10446
-10446
-10446
-10446
-10446
-10446
-10446
-10446
-10446
-10446
-10446
-10446
-10446
-10446
-10446
-10446
-10446
-10446
-10446
-10446
-10446
-10446
-10446
-10446
-10446
-10446
-10446
-10446
-10446
-10446
-10446
-10446
-10446
-10446
-10446
-10446
-10446
-10446
-10446
-10446
-10446
-10446
-10446
-10446
-10446
-10446
-10446
-10446
-10446
-10446
-10446
-10446
-10446
-10446
-10446
-10446
-10446
-10446
-10446
-10446
-10446
-10446
-10446
-10446
-10446
-10446
-10446
-10446
-10446
-10446
-10446
-10446
-10446
-10446
-10446
-10446
-10446
-10446
-10446
-10446
-10446
-10446
-10446
-10446
-10446
-10446
-10446
-10446
-10446
-10446
-10446
-10446
-10446
-10446
-10446
-10446
-10446
-10446
-10446
-10446
-10446
-10446
-10446
-10446
-10446
-10446
-10446
-10446
-10448
-10452
-10458
-10463
-10465
-10462
-10455
-10446
-10437
-10433
-10437
-10451
-10469
-10486
-10493
-10485
-10460
-10427
-10397
-10385
-10399
-10439
-10495
-10545
-10566
-10543
-10476
-10386
-10307
-10274
-10310
-10415
-10556
-10682
-10735
-10677
-10509
-10279
-10073
-9984
-10084
-10380
-10801
-11200
-11382
-11157
-10396
-9072
-7280
-5223
-3166
-1374
-50
711
935
754
355
-66
-363
-462
-373
-167
63
230
288
235
110
-32
-136
-173
-139
-60
30
96
119
98
49
-7
-48
-62
-49
-19
14
38
47
40
23
5
-9
-13
-9
0
9
16
19
17
12
6
1
