0
-3
-9
-11
-6
4
12
13
10
5
-1
-14
-28
-32
-17
10
35
47
43
23
-10
-51
-83
-84
-44
25
92
131
122
63
-34
-139
-208
-202
-104
57
226
332
321
174
-82
-374
-592
-622
-387
111
790
1512
2120
2471
2476
2128
1512
781
106
-382
-614
-592
-382
-87
179
329
332
218
52
-99
-194
-208
-147
-39
68
130
131
84
20
-39
-75
-83
-59
-15
28
51
47
27
5
-12
-24
-28
-22
-6
10
18
13
4
-1
-1
-3
-9
-11
-5
4
8
0
-9
-5
4
8
0
-9
-5
4
8
0
-9
-5
4
8
0
-9
-5
4
8
0
-9
-5
4
8
0
-9
-5
4
8
0
-9
-5
4
8
0
-9
-5
4
8
0
-9
-5
4
8
0
-9
-5
4
8
0
-9
-5
4
8
0
-9
-5
4
8
0
-9
-5
4
8
0
-9
-5
4
8
0
-9
-5
4
8
0
-9
-5
4
8
0
-9
-5
4
8
0
-9
-5
4
8
0
-9
-5
4
8
0
-9
-5
4
8
0
-9
-5
4
8
0
-9
-5
4
8
0
-9
-5
4
8
0
-9
-5
4
8
0
-9
-5
4
8
0
-9
-5
4
8
0
-9
-5
4
8
0
-9
-5
4
8
0
-9
-5
4
8
0
-9
-5
4
8
0
-9
-5
4
8
0
-9
-5
4
8
0
-9
-5
4
8
0
-9
-5
4
8
0
-9
-5
4
8
0
-9
-5
4
8
0
-9
-5
4
8
0
-9
-5
4
8
0
-9
-5
4
8
0
-9
-5
4
8
0
-9
-5
4
8
0
-9
-5
4
8
0
-9
-5
4
8
0
-9
-5
4
8
0
-9
-5
4
8
0
-9
-5
4
8
0
-9
-5
4
8
0
-9
-5
4
8
0
-9
-5
4
8
0
-9
-5
4
8
0
-9
-5
4
8
0
-9
-5
4
8
0
-9
-5
4
8
0
-9
-5
4
8
0
-9
-5
4
8
0
-9
-5
4
8
0
-9
-5
4
8
0
-9
-5
4
8
0
-9
-5
4
8
0
-9
-5
4
8
0
-9
-5
4
8
0
-9
-5
4
8
0
-9
-5
4
8
0
-9
-5
4
8
0
-9
-5
4
8
0
-9
-5
4
8
0
-9
-5
4
8
0
-9
-5
4
8
0
-9
-5
4
8
0
-9
-5
4
8
0
-9
-5
4
8
0
-9
-5
4
8
0
-9
-5
4
8
0
-9
-5
4
8
0
-9
-5
4
8
0
-9
-5
4
8
0
-9
-5
4
8
0
-9
-5
4
8
0
-9
-5
4
8
0
-9
-5
7
20
26
28
29
25
9
-14
-32
-30
-7
28
62
83
82
52
-6
-76
-124
-121
-56
49
155
222
216
124
-40
-220
-338
-326
-164
99
372
544
529
291
-125
-581
-886
-869
-455
283
1122
1738
1777
955
-857
-3563
-6852
-10269
-13333
-15655
-17023
-17436
-17092
-16323
-15494
-14895
-14671
-14815
-15203
-15658
-16011
-16155
-16073
-15832
-15548
-15330
-15243
-15294
-15440
-15618
-15761
-15822
-15788
-15689
-15575
-15492
-15463
-15483
-15536
-15600
-15654
-15678
-15665
-15627
-15588
-15565
-15559
-15564
-15577
-15595
-15612
-15622
-15617
-15604
-15592
-15585
-15584
-15584
-15584
-15584
-15584
-15584
-15584
-15584
-15584
-15584
-15584
-15584
-15584
-15584
-15584
-15584
-15584
-15584
-15584
-15584
-15584
-15584
-15584
-15584
-15584
-15584
-15584
-15584
-15584
-15584
-15584
-15584
-15584
-15584
-15584
-15584
-15584
-15584
-15584
-15584
-15584
-15584
-15584
-15584
-15584
-15584
-15584
-15584
-15584
-15584
-15584
-15584
-15584
-15584
-15584
-15584
-15584
-15584
-15584
-15584
-15584
-15584
-15584
-15584
-15584
-15584
-15584
-15584
-15584
-15584
-15584
-15584
-15584
-15584
-15584
-15584
-15584
-15584
-15584
-15584
-15584
-15584
-15584
-15584
-15584
-15584
-15584
-15584
-15584
-15584
-15584
-15584
-15584
-15584
-15584
-15584
-15584
-15584
-15584
-15584
-15584
-15584
-15584
-15584
-15584
-15584
-15584
-15584
-15584
-15584
-15584
-15584
-15584
-15584
-15584
-15584
-15584
-15584
-15584
-15584
-15584
-15584
-15584
-15584
-15584
-15584
-15584
-15584
-15584
-15584
-15584
-15584
-15584
-15584
-15584
-15584
-15584
-15584
-15584
-15584
-15584
-15584
-15584
-15584
-15584
-15584
-15584
-15584
-15584
-15584
-15584
-15584
-15584
-15584
-15584
-15584
-15584
-15584
-15584
-15584
-15584
-15584
-15584
-15584
-15584
-15584
-15584
-15584
-15584
-15584
-15584
-15584
-15584
-15584
-15584
-15584
-15584
-15584
-15584
-15584
-15584
-15584
-15584
-15584
-15584
-15584
-15584
-15584
-15584
-15584
-15584
-15584
-15584
-15584
-15584
-15584
-15584
-15584
-15584
-15584
-15584
-15584
-15584
-15584
-15584
-15584
-15584
-15584
-15584
-15584
-15584
-15584
-15584
-15584
-15584
-15584
-15584
-15584
-15584
-15584
-15584
-15584
-15584
-15584
-15584
-15584
-15584
-15584
-15584
-15584
-15584
-15584
-15584
-15584
-15584
-15584
-15584
-15584
-15584
-15584
-15584
-15584
-15584
-15584
-15584
-15584
-15584
-15584
-15584
-15584
-15584
-15584
-15584
-15584
-15584
-15584
-15584
-15584
-15584
-15584
-15584
-15584
-15584
-15584
-15584
-15584
-15584
-15584
-15584
-15584
-15584
-15584
-15584
-15584
-15584
-15584
-15584
-15584
-15584
-15584
-15584
-15584
-15584
-15584
-15584
-15584
-15584
-15584
-15584
-15584
-15584
-15584
-15584
-15584
-15584
-15584
-15584
-15584
-15584
-15584
-15584
-15584
-15584
-15584
-15584
-15584
-15584
-15584
-15584
-15584
-15584
-15584
-15584
-15584
-15584
-15584
-15584
-15584
-15584
-15584
-15584
-15584
-15584
-15584
-15584
-15584
-15584
-15584
-15584
-15584
-15584
-15584
-15584
-15584
-15584
-15584
-15584
-15584
-15584
-15584
-15584
-15584
-15584
-15584
-15584
-15584
-15584
-15584
-15584
-15584
-15584
-15584
-15584
-15584
-15584
-15584
-15584
-15584
-15584
-15584
-15584
-15584
-15584
-15584
-15584
-15584
-15584
-15584
-15584
-15584
-15584
-15584
-15584
-15584
-15584
-15584
-15584
-15584
-15584
-15584
-15584
-15584
-15584
-15584
-15584
-15584
-15584
-15584
-15584
-15584
-15584
-15584
-15584
-15584
-15584
-15584
-15584
-15584
-15584
-15584
-15584
-15584
-15587
-15594
-15602
-15610
-15613
-15609
-15599
-15584
-15571
-15565
-15572
-15592
-15620
-15644
-15655
-15642
-15606
-15557
-15512
-15493
-15514
-15575
-15658
-15732
-15763
-15729
-15630
-15496
-15377
-15328
-15382
-15538
-15749
-15936
-16015
-15929
-15679
-15336
-15028
-14896
-15044
-15486
-16115
-16709
-16981
-16646
-15510
-13535
-10861
-7792
-4723
-2050
-75
1061
1396
1125
530
-98
-541
-689
-557
-249
94
344
430
351
164
-47
-203
-257
-208
-89
45
144
178
147
73
-10
-71
-92
-73
-28
21
58
70
59
35
7
-13
-20
-14
0
14
24
28
25
18
9
2
