0
-3
-9
-13
-8
3
10
11
6
2
-4
-18
-32
-37
-23
5
29
41
36
15
-17
-59
-90
-93
-55
16
82
122
111
48
-44
-152
-218
-215
-121
46
211
320
305
156
-95
-391
-606
-640
-407
95
770
1496
2100
2449
2459
2106
1494
760
81
-401
-638
-612
-405
-113
158
303
310
193
24
-123
-221
-232
-174
-70
42
101
104
56
-14
-65
-107
-112
-89
-51
1
18
15
-5
-33
-41
-59
-62
-56
-46
-20
-20
-23
-32
-43
-34
-43
-47
-49
-50
-30
-33
-40
-47
-50
-30
-33
-40
-47
-50
-30
-33
-40
-47
-50
-30
-33
-40
-47
-50
-30
-33
-40
-47
-50
-30
-33
-40
-47
-50
-30
-33
-40
-47
-50
-30
-33
-40
-47
-50
-30
-33
-40
-47
-50
-30
-33
-40
-47
-50
-30
-33
-40
-47
-50
-30
-33
-40
-47
-50
-30
-33
-40
-47
-50
-30
-33
-40
-47
-50
-30
-33
-40
-47
-50
-30
-33
-40
-47
-50
-30
-33
-40
-47
-50
-30
-33
-40
-47
-50
-30
-33
-40
-47
-50
-30
-33
-40
-47
-50
-30
-33
-40
-47
-50
-30
-33
-40
-47
-50
-30
-33
-40
-47
-50
-30
-33
-40
-47
-50
-30
-33
-40
-47
-50
-30
-33
-40
-47
-50
-30
-33
-40
-47
-50
-30
-33
-40
-47
-50
-30
-33
-40
-47
-50
-30
-33
-40
-47
-50
-30
-33
-40
-47
-50
-30
-33
-40
-47
-50
-30
-33
-40
-47
-50
-30
-33
-40
-47
-50
-30
-33
-40
-47
-50
-30
-33
-40
-47
-50
-30
-33
-40
-47
-50
-30
-33
-40
-47
-50
-30
-33
-40
-47
-50
-30
-33
-40
-47
-50
-30
-33
-40
-47
-50
-30
-33
-40
-47
-50
-30
-33
-40
-47
-50
-30
-33
-40
-47
-50
-30
-33
-40
-47
-50
-30
-33
-40
-47
-50
-30
-33
-40
-47
-50
-30
-33
-40
-47
-50
-30
-33
-40
-47
-50
-30
-33
-40
-47
-50
-30
-33
-40
-47
-50
-30
-33
-40
-47
-50
-30
-33
-40
-47
-50
-30
-33
-40
-47
-50
-30
-33
-40
-47
-50
-30
-33
-40
-47
-50
-30
-33
-40
-47
-50
-30
-33
-40
-47
-50
-30
-33
-40
-47
-50
-30
-33
-40
-47
-50
-30
-33
-40
-47
-50
-30
-33
-40
-47
-50
-30
-33
-40
-47
-50
-30
-33
-40
-47
-50
-30
-33
-40
-47
-50
-30
-33
-40
-47
-50
-30
-33
-40
-47
-50
-30
-33
-40
-47
-50
-30
-33
-40
-47
-50
-30
-33
-40
-47
-50
-30
-33
-40
-47
-50
-30
-33
-40
-47
-50
-30
-33
-40
-47
-50
-30
-33
-40
-47
-50
-30
-33
-40
-47
-50
-30
-33
-40
-47
-50
-30
-33
-40
-47
-50
-30
-33
-40
-47
-50
-30
-33
-40
-47
-50
-30
-33
-40
-47
-50
-30
