          0
          0
         -2
         -7
        -16
        -24
        -25
        -17
          2
         27
         49
         57
         40
         -7
        -67
       -122
       -146
       -110
        -19
        104
        214
        259
        197
         29
       -201
       -411
       -504
       -403
       -109
        296
        665
        828
        666
        180
       -503
      -1125
      -1410
      -1164
       -374
        743
       1777
       2271
       1882
        576
      -1312
      -3099
      -3986
      -3303
       -814
       3116
       7540
      11161
      12726
      11466
       7396
       1433
      -4843
      -9607
     -11411
      -9651
      -4823
       1576
       7494
      11001
      10889
       7146
        984
      -5587
     -10345
     -11655
      -9042
      -3346
       3523
       9240
      11818
      10362
       5325
      -1576
      -7998
     -11715
     -11425
      -7212
       -511
       6384
      11087
      11957
       8692
       2396
      -4759
     -10300
     -12296
     -10064
      -4371
       2836
       9055
      12129
      10996
       6037
      -1018
      -7753
     -11820
     -11820
      -7752
      -1013
       6050
      11016
      12149
       9066
       2827
      -4406
     -10122
     -12363
     -10351
      -4764
       2450
       8800
      12088
      11181
       6386
       -633
      -7445
     -11704
     -11933
      -8049
      -1398
       5712
      10841
      12195
       9322
       3199
      -4040
      -9900
     -12352
     -10557
      -5117
       2075
       8521
      12017
      11338
       6713
       -240
      -7134
     -11574
     -12029
      -8338
      -1788
       5374
      10653
      12233
       9562
       3572
      -3670
      -9660
     -12331
     -10751
      -5472
       1690
       8240
      11931
      11476
       7036
        142
      -6811
     -11436
     -12115
      -8619
      -2173
       5019
      10459
      12254
       9802
       3942
      -3297
      -9420
     -12293
     -10939
      -5810
       1300
       7951
      11835
      11606
       7347
        535
      -6484
     -11279
     -12186
      -8898
      -2548
       4666
      10253
      12265
      10024
       4308
      -2925
      -9164
     -12247
     -11114
      -6148
        915
       7654
      11722
      11722
       7654
        915
      -6148
     -11114
     -12247
      -9164
      -2925
       4308
      10024
      12265
      10253
       4666
      -2548
      -8898
     -12186
     -11279
      -6484
        535
       7347
      11606
      11835
       7951
       1300
      -5810
     -10939
     -12293
      -9420
      -3297
       3942
       9802
      12254
      10459
       5019
      -2173
      -8619
     -12115
     -11436
      -6811
        142
       7036
      11476
      11931
       8240
       1690
      -5472
     -10751
     -12331
      -9660
      -3670
       3572
       9562
      12233
      10653
       5374
      -1788
      -8338
     -12029
     -11574
      -7134
       -240
       6713
      11338
      12017
       8521
       2075
      -5117
     -10557
     -12352
      -9900
      -4040
       3199
       9322
      12195
      10841
       5712
      -1398
      -8049
     -11933
     -11704
      -7445
       -633
       6386
      11181
      12088
       8800
       2450
      -4764
     -10351
     -12363
     -10122
      -4406
       2827
       9066
      12149
      11016
       6050
      -1013
      -7752
     -11820
     -11820
      -7752
      -1013
       6050
      11016
      12149
       9066
       2827
      -4406
     -10122
     -12363
     -10351
      -4764
       2450
       8800
      12088
      11181
       6386
       -633
      -7445
     -11704
     -11933
      -8049
      -1398
       5712
      10841
      12195
       9322
       3199
      -4040
      -9900
     -12352
     -10557
      -5117
       2075
       8521
      12017
      11338
       6713
       -240
      -7134
     -11574
     -12029
      -8338
      -1788
       5374
      10653
      12233
       9562
       3572
      -3670
      -9660
     -12331
     -10751
      -5472
       1690
       8240
      11931
      11476
       7036
        142
      -6811
     -11436
     -12115
      -8619
      -2173
       5019
      10459
      12254
       9802
       3942
      -3297
      -9420
     -12293
     -10939
      -5810
       1300
       7951
      11835
      11606
       7347
        535
      -6484
     -11279
     -12186
      -8898
      -2548
       4666
      10253
      12265
      10024
       4308
      -2925
      -9164
     -12247
     -11114
      -6148
        915
       7654
      11722
      11722
       7654
        915
      -6148
     -11114
     -12247
      -9164
      -2925
       4308
      10024
      12265
      10253
       4666
      -2548
      -8898
     -12186
     -11279
      -6484
        535
       7347
      11606
      11835
       7951
       1300
      -5810
     -10939
     -12293
      -9420
      -3297
       3942
       9802
      12254
      10459
       5019
      -2173
      -8619
     -12115
     -11436
      -6811
        142
       7036
      11476
      11931
       8240
       1690
      -5472
     -10751
     -12331
      -9660
      -3670
       3572
       9562
      12233
      10653
       5374
      -1788
      -8338
     -12029
     -11574
      -7134
       -240
       6713
      11338
      12017
       8521
       2075
      -5117
     -10557
     -12352
      -9900
      -4040
       3199
       9322
      12195
      10841
       5712
      -1398
      -8049
     -11933
     -11704
      -7445
       -633
       6386
      11181
      12088
       8800
       2450
      -4764
     -10351
     -12363
     -10122
      -4406
       2827
       9066
      12149
      11016
       6050
      -1013
      -7752
     -11820
