          0
          0
         -2
         -8
        -16
        -24
        -21
         -9
         13
         37
         50
         44
          8
        -44
       -100
       -128
       -108
        -32
         76
        182
        228
        177
         30
       -182
       -368
       -440
       -337
        -64
        304
        612
        714
        515
         39
       -567
      -1061
      -1201
       -848
        -57
        923
       1699
       1895
       1300
          2
      -1605
      -2901
      -3277
      -2339
       -114
       2915
       5921
       7990
       8438
       7061
       4220
        756
      -2303
      -4096
      -4201
      -2792
       -534
       1662
       2977
       3004
       1844
         52
      -1612
      -2486
      -2295
      -1187
        310
       1540
       2020
       1580
        487
       -759
      -1607
      -1710
      -1065
         -3
        992
       1475
       1243
        441
       -558
      -1282
      -1411
       -912
        -13
        853
       1287
       1098
        382
       -531
      -1208
      -1345
       -878
        -28
        812
       1253
       1092
        400
       -496
      -1189
      -1355
       -921
        -88
        766
       1246
       1132
        480
       -419
      -1140
      -1364
       -981
       -170
        702
       1222
       1170
        555
       -337
      -1092
      -1374
      -1037
       -253
        624
       1198
       1198
        624
       -253
      -1037
      -1374
      -1092
       -337
        555
       1170
       1222
        702
       -170
       -981
      -1364
      -1140
       -419
        480
       1132
       1246
        766
        -88
       -921
      -1355
      -1189
       -496
        400
       1093
       1259
        825
         -8
       -862
      -1342
      -1228
       -576
        323
       1044
       1268
        885
         74
       -798
      -1318
      -1266
       -651
        241
        996
       1278
        941
        157
       -720
      -1294
      -1294
       -720
        157
        941
       1278
        996
        241
       -651
      -1266
      -1318
       -798
         74
        885
       1268
       1044
        323
       -576
      -1228
      -1342
       -862
         -8
        825
       1259
       1093
        400
       -496
      -1189
      -1355
       -921
        -88
        766
       1246
       1132
        480
       -419
      -1140
      -1364
       -981
       -170
        702
       1222
       1170
        555
       -337
      -1092
      -1374
      -1037
       -253
        624
       1198
       1198
        624
       -253
      -1037
      -1374
      -1092
       -337
        555
       1170
       1222
        702
       -170
       -981
      -1364
      -1140
       -419
        480
       1132
       1246
        766
        -88
       -921
      -1355
      -1189
       -496
        400
       1093
       1259
        825
         -8
       -862
      -1342
      -1228
       -576
        323
       1044
       1268
        885
         74
       -798
      -1318
      -1266
       -651
        241
        996
       1278
        941
        157
       -720
      -1294
      -1294
       -720
        157
        941
       1278
        996
        241
       -651
      -1266
      -1318
       -798
         74
        885
       1268
       1044
        323
       -576
      -1228
      -1342
       -862
         -8
        825
       1259
       1093
        400
       -496
      -1189
      -1355
       -921
        -88
        766
       1246
       1132
        480
       -419
      -1140
      -1364
       -981
       -170
        702
       1222
       1170
        555
       -337
      -1092
      -1374
      -1037
       -253
        624
       1198
       1198
        624
       -253
      -1037
      -1374
      -1092
       -337
        555
       1170
       1222
        702
       -170
       -981
      -1364
      -1140
       -419
        480
       1132
       1246
        766
        -88
       -921
      -1355
      -1189
       -496
        400
       1093
       1259
        825
         -8
       -862
      -1342
      -1228
       -576
        323
       1044
       1268
        885
         74
       -798
      -1318
      -1266
       -651
        241
        996
       1278
        941
        157
       -720
      -1294
      -1294
       -720
        157
        941
       1278
        996
        241
       -651
      -1266
      -1318
       -798
         74
        885
       1268
       1044
        323
       -576
      -1228
      -1342
       -862
         -8
        825
       1259
       1093
        400
       -496
      -1189
      -1355
       -921
        -88
        766
       1246
       1132
        480
       -419
      -1140
      -1364
       -981
       -170
        702
       1222
       1170
        555
       -337
      -1092
      -1374
      -1037
       -253
        624
       1198
       1198
        624
       -253
      -1037
      -1374
      -1092
       -337
        555
       1170
       1222
        702
       -170
       -981
      -1364
      -1140
       -419
        480
       1132
       1246
        766
        -88
       -921
      -1355
      -1189
       -496
        400
       1093
       1259
        825
         -8
       -862
      -1342
      -1228
       -576
        323
       1044
       1268
        885
         74
       -798
      -1318
      -1266
       -651
        241
        996
       1278
        941
        157
       -720
      -1294
      -1294
       -720
        157
        941
       1278
        996
        241
       -651
      -1266
      -1318
       -798
         74
        885
       1268
       1044
        323
       -576
      -1228
      -1342
       -862
         -8
        825
       1259
       1093
        400
